GRLIB_Marker_ATM = [[1203.45,9651.54,0],[6970.52,3736.92,0],[4470.58,13509.7,0],[14955.4,16446.7,0]];

GRLIB_Marker_SRV = [[18329.1,2744.09,0],[7646.02,4525.85,0],[4420.01,10415.1,0],[4325.45,18116.1,0],[11433.2,13092.3,0],[14949.2,16399.7,0]];

GRLIB_Marker_FUEL = [[7050.72,3754.5,0],[6514.69,4176.31,0],[5301.17,6034.96,0],[2042.84,7036.89,0],[2224.19,9756.59,0],[4109.47,12216.2,0]];

GRLIB_Marker_SHOP = [[5300.92,6017.33,0],[5538.72,13024.3,0],[9880.93,18175.4,0],[14811.7,14431.3,0],[17874.4,8583.05,0.548607],[10864.2,3297.07,0.443886]];
